-29.578885174806945
6.835937502686587
-2.818201132678185
0.000000000000000
0.000000000000000
0.000000000000000
29.578885207982744
0.000000000000000
29.578885202479768
29.578885187451540
0.000000000000000
0.000000000000000
2.000279851997370
2.000279851997370
-9.892913874208983
-29.578883964115040
29.578884447342393
-17.892270446058411
29.578884194253867
29.578885117937961
0.062930324287256
8.372337093917968
-1.040632709334579
0.379482899270326
0.000000000000000
0.000000000000000
0.000000000000000
-2.732817763390203
0.000000000000000
8.372337051938787
8.372337078392198
0.000000000000000
0.000000000000000
0.159805475170660
0.159805475170660
-2.253468950232507
8.372337096159326
8.372337095295398
8.372337094491272
8.372337093530591
8.372337092497924
0.033301906453766
49.944362666192525
-5.506346060979283
1.079441257666436
0.000000000000000
0.000000000000000
0.000000000000000
-49.944362656776583
0.000000000000000
-49.944362635742898
-49.944362616017365
0.000000000000000
0.000000000000000
0.181084125234742
0.181084125234742
-5.255660435848359
49.944361953038737
-38.126414831490905
49.944361064464907
-49.944356209096227
-49.944361511933074
0.026756780027908
-1.686708541188058
0.299174621066925
-0.102104283683243
0.000000000000000
0.000000000000000
0.000000000000000
1.686708541173548
0.000000000000000
1.686708541062089
1.686708541027449
0.000000000000000
0.000000000000000
0.024375917934829
0.024375917934829
0.066390249789271
-1.686708540948826
-1.686708540947512
-1.686708540872715
-1.686708540910254
0.649043378741016
-0.030133842907350
-0.569175321242212
0.654152784866624
-0.651423073864750
0.000000000000000
0.000000000000000
0.000000000000000
-1.843023535191695
0.000000000000000
-1.843023535227964
-1.843023535123904
0.000000000000000
0.000000000000000
-0.369342277860646
-0.369342277860646
1.843023534841375
0.217965667650596
-1.843023534353478
-1.843023534041317
-1.843023534408238
-1.843023534602776
-0.062507962808643
9.634539687139071
-1.965315609228677
0.530047271991864
0.000000000000000
0.000000000000000
0.000000000000000
-9.634539693345630
0.000000000000000
-9.634539695008407
-9.634539690504361
0.000000000000000
0.000000000000000
-0.169516517024630
-0.169516517024630
2.652348574837846
9.634539457704403
-9.634539500052405
2.907754469779981
-9.634539483064652
-9.634539637817374
0.001331946697301
0.000000000000000
0.000000000000000
0.000000000000000
0.000000000000000
0.000000000000000
0.000000000000000
0.000000000000000
0.000000000000000
0.000000000000000
0.000000000000000
0.000000000000000
0.000000000000000
0.000000000000000
0.000000000000000
0.000000000000000
0.000000000000000
0.000000000000000
0.000000000000000
0.000000000000000
0.000000000000000
0.000000000000000
0.927134391133846
-0.335785136623552
-0.166202912649844
0.000000000000000
0.000000000000000
0.000000000000000
-0.927134390396023
0.000000000000000
0.111218611519247
0.927134387875845
0.000000000000000
0.000000000000000
-0.127982160496572
-0.127982160496572
-0.927134391061971
0.740405135241755
0.927134390362961
0.927134390272297
0.927134390176722
0.927134390028966
-0.031244376622111
