14.926283906910365
-2.342868008384066
-0.223182389238613
0.000000000000000
0.000000000000000
0.000000000000000
41.582406702353317
0.000000000000000
41.582406701272774
41.582406700953236
0.000000000000000
0.000000000000000
2.384444296749916
2.384444296749916
7.728640953633820
-41.582406692276237
-41.582406655686079
-41.582406684583219
-41.582406648613613
-41.582406480889766
0.128151150336394
8.213996973761502
-1.005282244808767
0.672827132699212
0.000000000000000
0.000000000000000
0.000000000000000
-7.898653485353137
0.000000000000000
8.213996971235886
8.213996971967550
0.000000000000000
0.000000000000000
0.319239880863047
0.319239880863047
-1.312006144974767
8.213996973594684
8.213996973513934
8.213996973439819
8.213996973307051
8.213996973135625
0.065429133129839
-2.463494512856273
2.383185282238945
-2.096679616338844
0.000000000000000
0.000000000000000
0.000000000000000
-68.722207150765982
0.000000000000000
-68.722207149229931
-68.722207150532768
0.000000000000000
0.000000000000000
-0.771287489092423
-0.771287489092423
-41.391506368114257
68.722207145640880
68.722207103553231
68.722207138651186
68.722207095385599
68.722206882760446
-0.208813810884905
-0.667672155087018
0.086196894628620
-0.082985814454013
0.000000000000000
0.000000000000000
0.000000000000000
2.590000170163451
0.000000000000000
2.590000169776333
2.590000169378039
0.000000000000000
0.000000000000000
0.014268263558101
0.014268263558101
0.408856466911798
-2.590000167426698
-2.590000162917984
-2.590000166354605
-2.590000161902969
-2.590000149192336
-0.032482528550198
-1.944763043222123
0.442460124953685
-0.718098170324868
0.000000000000000
0.000000000000000
0.000000000000000
1.944763042987213
0.000000000000000
1.944763041975350
-1.518888055183105
0.000000000000000
0.000000000000000
-0.515723657279897
-0.515723657279897
1.944763043213962
0.843500214119483
-1.944763042566887
-1.944763042754014
-1.944763042698595
-1.944763042636674
-0.084302366691314
-3.945854381593203
0.555122163123820
-0.292946600353891
0.000000000000000
0.000000000000000
0.000000000000000
-13.787764112971164
0.000000000000000
-13.787764111680390
-13.787764110117209
0.000000000000000
0.000000000000000
-0.343682254415735
-0.343682254415735
-4.331644556914714
13.787764098650564
13.787764079498654
13.787764091221463
13.787764073463764
13.787764003890047
-0.043640288233577
0.000000000000000
0.000000000000000
0.000000000000000
0.000000000000000
0.000000000000000
0.000000000000000
0.000000000000000
0.000000000000000
0.000000000000000
0.000000000000000
0.000000000000000
0.000000000000000
0.000000000000000
0.000000000000000
0.000000000000000
0.000000000000000
0.000000000000000
0.000000000000000
0.000000000000000
0.000000000000000
0.000000000000000
0.746385703169841
-0.350366273481020
-0.046129644627610
0.000000000000000
0.000000000000000
0.000000000000000
-0.564464563687676
0.000000000000000
0.746385703152392
0.746385703114340
0.000000000000000
0.000000000000000
-0.132535057919462
-0.132535057919462
-0.746385703166970
0.004394474410523
0.746385702679556
0.746385703059107
0.746385703098833
0.746385703105959
-0.026822289509669
