-23.077913404895366
-23.077913407415362
19.332345832864231
0.000000000000000
0.000000000000000
0.000000000000000
23.077913407683663
0.000000000000000
23.077913407537597
23.077913407018350
0.000000000000000
0.000000000000000
3.299565973540983
3.299565973540983
9.782550606169547
-23.077913406948728
-23.077913403932001
-23.077913397613223
22.739696517626623
23.077913379478755
0.671402695850607
6.217168237012873
6.217168237534389
-4.350473640514381
0.000000000000000
0.000000000000000
0.000000000000000
2.310034942455758
0.000000000000000
6.217168232766278
6.217168233876963
0.000000000000000
0.000000000000000
0.049773865511474
0.049773865511474
-3.377864985392916
6.217168237066227
6.217168236523650
6.217168236452478
6.217168236026175
6.217168235346239
-0.079512840827531
19.203451722179196
23.182351893158739
-11.726036422242650
0.000000000000000
0.000000000000000
0.000000000000000
-23.182351891893312
0.000000000000000
-23.182351893283620
-23.182351891688157
0.000000000000000
0.000000000000000
0.041483099475733
0.041483099475733
-8.342466821890882
23.182351890794315
23.182351672157534
-23.182351825049743
-23.182351868545290
-23.182351878786580
-0.215386346190399
-1.116004546767398
-1.116004546511105
0.854578370654216
0.000000000000000
0.000000000000000
0.000000000000000
1.116004546727279
0.000000000000000
1.116004544374982
-0.956073467339451
0.000000000000000
0.000000000000000
0.067631724373333
0.067631724373333
0.493658784457167
-1.116004546627388
-1.116004546768743
-1.116004546554476
-1.116004546365176
-1.116004546163974
-0.006328375270873
-2.508604710655400
2.508604710670288
0.467862470441279
0.000000000000000
0.000000000000000
0.000000000000000
-2.329734285219327
0.000000000000000
-2.508604710685648
-2.508604710613399
0.000000000000000
0.000000000000000
-0.257536637058648
-0.257536637058648
2.508604710734776
-1.696864291617902
-2.508604710431531
-2.508604710529438
-2.508604710542585
-2.508604710532002
0.025292866469128
5.669480629393147
5.669480802695328
-4.548339303430931
0.000000000000000
0.000000000000000
0.000000000000000
-5.669480805355065
0.000000000000000
-5.669480803824370
-5.669480800409784
0.000000000000000
0.000000000000000
-0.447577243677500
-0.447577243677500
-1.564788208254193
5.669480799247214
5.669480724685260
-1.032124130765703
-5.669480769467589
-5.669480748035548
-0.115481872095331
0.000000000000000
0.000000000000000
0.000000000000000
0.000000000000000
0.000000000000000
0.000000000000000
0.000000000000000
0.000000000000000
0.000000000000000
0.000000000000000
0.000000000000000
0.000000000000000
0.000000000000000
0.000000000000000
0.000000000000000
0.000000000000000
0.000000000000000
0.000000000000000
0.000000000000000
0.000000000000000
0.000000000000000
0.000000000000000
0.000000000000000
0.000000000000000
0.000000000000000
0.000000000000000
0.000000000000000
0.000000000000000
0.000000000000000
0.000000000000000
0.000000000000000
0.000000000000000
0.000000000000000
0.000000000000000
0.000000000000000
0.000000000000000
0.000000000000000
0.000000000000000
0.000000000000000
0.000000000000000
0.000000000000000
0.000000000000000
